2.7789 -5.9382 24.056 -2.8336 -9.7719 2.1799
2.8005 -5.8985 24.061 -2.8822 -9.8336 2.1521
2.8211 -5.8678 24.067 -2.9317 -9.8978 2.1256
2.8408 -5.8459 24.073 -2.9818 -9.9643 2.1002
2.8597 -5.8325 24.079 -3.0328 -10.033 2.076
2.8777 -5.8273 24.086 -3.0844 -10.105 2.053
2.895 -5.8301 24.092 -3.1366 -10.178 2.0312
2.9115 -5.8407 24.099 -3.1895 -10.254 2.0106
2.9274 -5.8588 24.105 -3.243 -10.333 1.9911
2.9426 -5.8841 24.112 -3.2971 -10.414 1.9728
2.9573 -5.9164 24.119 -3.3517 -10.497 1.9557
2.9714 -5.9554 24.126 -3.4068 -10.583 1.9398
2.9851 -6.0009 24.133 -3.4624 -10.671 1.925
2.9983 -6.0526 24.14 -3.5184 -10.761 1.9115
3.0112 -6.1102 24.146 -3.5749 -10.854 1.8991
3.0237 -6.1736 24.153 -3.6317 -10.949 1.8879
3.0359 -6.2424 24.16 -3.6889 -11.046 1.8779
3.0479 -6.3164 24.166 -3.7464 -11.146 1.869
3.0597 -6.3954 24.172 -3.8042 -11.247 1.8613
3.0714 -6.479 24.178 -3.8623 -11.352 1.8548
3.0829 -6.5671 24.184 -3.9206 -11.458 1.8495
3.0945 -6.6593 24.19 -3.9791 -11.567 1.8454
3.106 -6.7555 24.195 -4.0378 -11.678 1.8424
3.1176 -6.8553 24.2 -4.0966 -11.791 1.8406
3.1293 -6.9586 24.204 -4.1555 -11.907 1.84
3.1411 -7.065 24.209 -4.2145 -12.025 1.8405
3.1532 -7.1743 24.213 -4.2735 -12.145 1.8422
3.1655 -7.2863 24.216 -4.3326 -12.267 1.8451
3.1781 -7.4007 24.219 -4.3916 -12.392 1.8492
3.191 -7.5172 24.222 -4.4507 -12.519 1.8545
3.2044 -7.6356 24.224 -4.5096 -12.648 1.8609
3.2181 -7.7556 24.225 -4.5684 -12.779 1.8685
3.2324 -7.877 24.226 -4.6271 -12.912 1.8772
3.2472 -7.9995 24.226 -4.6856 -13.048 1.8872
3.2626 -8.1229 24.226 -4.7439 -13.186 1.8983
3.2787 -8.2469 24.225 -4.802 -13.326 1.9106
3.2954 -8.3712 24.224 -4.8599 -13.468 1.924
3.3129 -8.4957 24.222 -4.9174 -13.612 1.9386
3.3311 -8.62 24.219 -4.9746 -13.759 1.9544
3.3502 -8.7439 24.215 -5.0315 -13.908 1.9714
3.3702 -8.8671 24.21 -5.088 -14.058 1.9895
3.3911 -8.9894 24.205 -5.1441 -14.211 2.0088
3.413 -9.1106 24.199 -5.1997 -14.366 2.0293
3.4359 -9.2303 24.192 -5.2549 -14.524 2.0509
3.4598 -9.3483 24.184 -5.3096 -14.683 2.0737
3.4849 -9.4644 24.176 -5.3637 -14.844 2.0977
3.5112 -9.5784 24.166 -5.4172 -15.008 2.1228
3.5387 -9.6898 24.156 -5.4702 -15.173 2.1491
3.5675 -9.7986 24.144 -5.5225 -15.341 2.1766
3.5978 -9.9044 24.131 -5.5741 -15.511 2.2052
3.6295 -10.007 24.118 -5.6251 -15.683 2.235
3.6629 -10.106 24.103 -5.6753 -15.856 2.266
3.698 -10.202 24.087 -5.7247 -16.032 2.2981
3.7348 -10.295 24.071 -5.7732 -16.21 2.3314
3.7733 -10.383 24.053 -5.8207 -16.39 2.366
3.8137 -10.469 24.034 -5.8673 -16.573 2.4017
3.8558 -10.551 24.014 -5.9129 -16.757 2.4386
3.8997 -10.629 23.993 -5.9573 -16.943 2.4767
3.9453 -10.704 23.971 -6.0007 -17.132 2.5161
3.9927 -10.776 23.949 -6.0428 -17.323 2.5566
4.0417 -10.844 23.925 -6.0836 -17.515 2.5984
4.0925 -10.909 23.9 -6.1231 -17.71 2.6415
4.145 -10.971 23.874 -6.1613 -17.907 2.6858
4.1991 -11.03 23.848 -6.198 -18.107 2.7313
4.2549 -11.086 23.821 -6.2333 -18.308 2.7781
4.3124 -11.139 23.792 -6.267 -18.512 2.8262
4.3714 -11.189 23.763 -6.2992 -18.718 2.8755
4.4321 -11.236 23.733 -6.3296 -18.926 2.9262
4.4944 -11.28 23.703 -6.3585 -19.136 2.9781
4.5582 -11.321 23.671 -6.3855 -19.348 3.0313
4.6234 -11.359 23.639 -6.4108 -19.563 3.0858
4.6901 -11.396 23.606 -6.4343 -19.78 3.1416
4.7581 -11.429 23.573 -6.4558 -20 3.1987
4.827 -11.461 23.539 -6.4754 -20.221 3.2572
4.8968 -11.491 23.504 -6.4929 -20.445 3.3171
4.9671 -11.519 23.469 -6.5084 -20.671 3.3783
5.0377 -11.546 23.433 -6.5217 -20.9 3.4408
5.1083 -11.571 23.398 -6.5328 -21.131 3.5048
5.1786 -11.597 23.362 -6.5418 -21.365 3.5702
5.2484 -11.621 23.326 -6.5484 -21.601 3.6369
5.3173 -11.646 23.29 -6.5528 -21.839 3.7051
5.3851 -11.671 23.254 -6.5548 -22.079 3.7747
5.4515 -11.696 23.218 -6.5544 -22.322 3.8457
5.5163 -11.723 23.183 -6.5516 -22.568 3.9181
5.5792 -11.75 23.148 -6.5463 -22.816 3.992
5.6399 -11.778 23.114 -6.5384 -23.066 4.0672
5.6982 -11.809 23.08 -6.5279 -23.319 4.144
5.7538 -11.841 23.047 -6.5149 -23.574 4.2221
5.8066 -11.875 23.015 -6.4991 -23.831 4.3017
5.8561 -11.911 22.984 -6.4805 -24.091 4.3827
5.9022 -11.95 22.953 -6.4592 -24.353 4.4652
5.9446 -11.992 22.924 -6.4351 -24.618 4.5492
5.9832 -12.037 22.896 -6.408 -24.885 4.6346
6.0175 -12.086 22.869 -6.378 -25.154 4.7215
6.0476 -12.138 22.844 -6.345 -25.426 4.8098
6.0732 -12.193 22.82 -6.3089 -25.7 4.8997
6.0942 -12.253 22.798 -6.2699 -25.976 4.991
6.1107 -12.316 22.777 -6.2277 -26.255 5.0839
6.1225 -12.383 22.758 -6.1824 -26.536 5.1782
6.1298 -12.454 22.74 -6.134 -26.819 5.274
6.1324 -12.529 22.724 -6.0824 -27.104 5.3714
6.1307 -12.608 22.709 -6.0276 -27.392 5.4703
6.1245 -12.69 22.696 -5.9695 -27.682 5.5707
6.1142 -12.776 22.685 -5.9082 -27.974 5.6726
6.0998 -12.864 22.675 -5.8435 -28.269 5.7761
6.0816 -12.956 22.666 -5.7755 -28.565 5.8811
6.0596 -13.051 22.659 -5.7041 -28.863 5.9876
6.034 -13.148 22.653 -5.6293 -29.164 6.0957
6.0052 -13.247 22.648 -5.551 -29.466 6.2053
5.9731 -13.349 22.643 -5.4693 -29.771 6.3165
5.9381 -13.452 22.64 -5.3842 -30.077 6.4292
5.9003 -13.557 22.638 -5.2956 -30.385 6.5435
5.8599 -13.663 22.637 -5.2035 -30.695 6.6594
5.8171 -13.771 22.636 -5.1079 -31.007 6.7769
5.7721 -13.879 22.635 -5.0088 -31.321 6.8959
5.7251 -13.988 22.636 -4.9061 -31.636 7.0165
5.6762 -14.097 22.636 -4.8 -31.953 7.1387
5.6258 -14.207 22.637 -4.6902 -32.272 7.2624
5.5739 -14.316 22.637 -4.5769 -32.592 7.3878
5.5207 -14.425 22.638 -4.4599 -32.914 7.5147
5.4664 -14.533 22.638 -4.3393 -33.237 7.6432
5.4111 -14.64 22.639 -4.2149 -33.562 7.7733
5.3549 -14.747 22.638 -4.0867 -33.889 7.905
5.298 -14.852 22.638 -3.9546 -34.217 8.0383
5.2405 -14.956 22.636 -3.8188 -34.546 8.1732
5.1824 -15.058 22.634 -3.679 -34.876 8.3097
5.1239 -15.159 22.631 -3.5354 -35.208 8.4478
5.065 -15.257 22.628 -3.3879 -35.541 8.5874
5.0058 -15.354 22.623 -3.2366 -35.875 8.7287
4.9463 -15.449 22.616 -3.0814 -36.211 8.8715
4.8865 -15.541 22.609 -2.9223 -36.547 9.0159
4.8266 -15.631 22.6 -2.7594 -36.885 9.1618
4.7666 -15.719 22.59 -2.5926 -37.224 9.3093
4.7064 -15.805 22.579 -2.422 -37.564 9.4584
4.6461 -15.888 22.566 -2.2476 -37.905 9.6091
4.5859 -15.968 22.551 -2.0693 -38.247 9.7613
4.5255 -16.046 22.534 -1.8874 -38.59 9.9151
4.4652 -16.121 22.516 -1.7016 -38.934 10.07
4.4049 -16.193 22.496 -1.5122 -39.279 10.227
4.3447 -16.262 22.474 -1.3191 -39.624 10.386
4.2845 -16.329 22.45 -1.1223 -39.971 10.545
4.2244 -16.392 22.424 -0.92196 -40.318 10.707
4.1643 -16.453 22.396 -0.71814 -40.666 10.87
4.1044 -16.511 22.366 -0.51094 -41.015 11.034
4.0447 -16.566 22.334 -0.30048 -41.364 11.2
3.9851 -16.618 22.3 -0.086873 -41.714 11.367
3.9256 -16.667 22.264 0.12976 -42.064 11.535
3.8664 -16.713 22.226 0.34929 -42.415 11.705
3.8075 -16.756 22.185 0.57162 -42.766 11.875
3.7487 -16.796 22.143 0.79665 -43.117 12.048
3.6903 -16.833 22.099 1.0243 -43.468 12.221
3.6322 -16.868 22.053 1.2544 -43.82 12.395
3.5745 -16.9 22.005 1.487 -44.171 12.571
3.5171 -16.928 21.956 1.7218 -44.522 12.747
3.4602 -16.955 21.904 1.9587 -44.873 12.925
3.4038 -16.978 21.851 2.1977 -45.224 13.103
3.3478 -16.999 21.796 2.4385 -45.574 13.282
3.2924 -17.017 21.74 2.6812 -45.924 13.462
3.2376 -17.032 21.682 2.9254 -46.274 13.643
3.1833 -17.045 21.623 3.1711 -46.622 13.825
3.1297 -17.056 21.562 3.4182 -46.97 14.007
3.0767 -17.064 21.5 3.6665 -47.317 14.19
3.0244 -17.07 21.437 3.9158 -47.663 14.373
2.9729 -17.074 21.373 4.1661 -48.008 14.557
2.9221 -17.076 21.308 4.4171 -48.352 14.741
2.872 -17.075 21.241 4.6688 -48.695 14.926
2.8228 -17.073 21.174 4.9211 -49.036 15.111
2.7744 -17.068 21.107 5.1738 -49.376 15.296
2.7268 -17.062 21.038 5.4268 -49.714 15.482
2.6801 -17.054 20.969 5.6801 -50.051 15.668
2.6342 -17.044 20.9 5.9334 -50.387 15.853
2.5892 -17.033 20.83 6.1867 -50.72 16.04
2.5451 -17.021 20.759 6.4399 -51.052 16.226
2.5018 -17.006 20.688 6.6927 -51.383 16.412
2.4594 -16.991 20.618 6.9449 -51.711 16.598
2.4178 -16.975 20.547 7.1965 -52.037 16.784
2.377 -16.957 20.476 7.4471 -52.362 16.97
2.3371 -16.938 20.405 7.6966 -52.684 17.156
2.2979 -16.919 20.334 7.9449 -53.004 17.342
2.2595 -16.898 20.263 8.1916 -53.322 17.527
2.2218 -16.877 20.192 8.4366 -53.638 17.713
2.1849 -16.856 20.122 8.6796 -53.951 17.897
2.1486 -16.833 20.052 8.9205 -54.261 18.082
2.113 -16.811 19.983 9.1591 -54.57 18.266
2.0781 -16.788 19.914 9.3951 -54.875 18.449
2.0438 -16.764 19.845 9.6284 -55.179 18.632
2.01 -16.741 19.777 9.8587 -55.479 18.815
1.9768 -16.717 19.71 10.086 -55.777 18.997
1.944 -16.693 19.643 10.31 -56.071 19.178
1.9117 -16.67 19.576 10.53 -56.363 19.358
1.8798 -16.646 19.51 10.746 -56.652 19.538
1.8483 -16.623 19.445 10.958 -56.938 19.717
1.8172 -16.599 19.381 11.166 -57.221 19.896
1.7863 -16.576 19.317 11.369 -57.501 20.073
1.7557 -16.554 19.254 11.567 -57.777 20.25
1.7253 -16.531 19.192 11.76 -58.051 20.426
1.6951 -16.509 19.131 11.948 -58.321 20.601
1.665 -16.488 19.07 12.13 -58.587 20.775
1.6351 -16.467 19.01 12.307 -58.85 20.948
1.6053 -16.446 18.95 12.477 -59.11 21.12
1.5755 -16.426 18.892 12.642 -59.366 21.291
1.5459 -16.407 18.833 12.8 -59.619 21.461
1.5162 -16.388 18.776 12.952 -59.868 21.63
1.4866 -16.369 18.719 13.097 -60.113 21.799
1.4569 -16.351 18.663 13.236 -60.355 21.966
1.4272 -16.333 18.607 13.368 -60.594 22.132
1.3975 -16.316 18.552 13.494 -60.829 22.297
1.3677 -16.3 18.498 13.612 -61.06 22.461
1.3378 -16.283 18.444 13.724 -61.288 22.625
1.3079 -16.268 18.39 13.828 -61.512 22.787
1.2778 -16.252 18.337 13.926 -61.733 22.949
1.2477 -16.237 18.284 14.016 -61.95 23.109
1.2175 -16.223 18.231 14.1 -62.164 23.269
1.1871 -16.208 18.179 14.176 -62.375 23.428
1.1567 -16.194 18.127 14.247 -62.582 23.587
1.1262 -16.181 18.075 14.31 -62.786 23.744
1.0956 -16.167 18.024 14.367 -62.986 23.901
1.0649 -16.154 17.972 14.417 -63.183 24.057
1.0341 -16.141 17.921 14.462 -63.377 24.213
1.0033 -16.128 17.87 14.5 -63.568 24.368
0.97235 -16.114 17.818 14.532 -63.756 24.523
0.9414 -16.101 17.767 14.559 -63.941 24.677
0.9104 -16.088 17.716 14.58 -64.123 24.831
0.87936 -16.075 17.664 14.595 -64.302 24.984
0.84829 -16.062 17.613 14.606 -64.477 25.137
0.8172 -16.048 17.561 14.612 -64.65 25.29
0.7861 -16.035 17.509 14.613 -64.821 25.443
0.755 -16.021 17.457 14.609 -64.988 25.595
0.7239 -16.007 17.405 14.602 -65.152 25.748
0.69283 -15.993 17.353 14.59 -65.314 25.9
0.66178 -15.978 17.3 14.575 -65.472 26.052
0.63076 -15.963 17.247 14.556 -65.628 26.204
0.59979 -15.948 17.193 14.534 -65.78 26.356
0.56888 -15.933 17.14 14.509 -65.93 26.507
0.53803 -15.917 17.085 14.482 -66.077 26.659
0.50725 -15.9 17.031 14.452 -66.22 26.811
0.47656 -15.884 16.976 14.42 -66.361 26.962
0.44597 -15.866 16.921 14.386 -66.498 27.114
0.4155 -15.849 16.865 14.35 -66.632 27.265
0.38513 -15.831 16.81 14.312 -66.763 27.416
0.35489 -15.812 16.753 14.273 -66.89 27.567
0.32478 -15.793 16.696 14.232 -67.014 27.718
0.2948 -15.773 16.639 14.191 -67.134 27.869
0.26497 -15.753 16.582 14.148 -67.251 28.019
0.23529 -15.733 16.524 14.105 -67.364 28.169
0.20577 -15.711 16.465 14.061 -67.473 28.319
0.17642 -15.69 16.407 14.017 -67.578 28.468
0.14727 -15.667 16.348 13.972 -67.68 28.617
0.11831 -15.645 16.288 13.927 -67.777 28.765
0.089566 -15.621 16.228 13.882 -67.871 28.913
0.06105 -15.597 16.168 13.837 -67.96 29.06
0.032775 -15.573 16.107 13.792 -68.045 29.206
0.0047543 -15.548 16.046 13.747 -68.126 29.352
-0.022999 -15.522 15.985 13.702 -68.202 29.497
-0.050472 -15.496 15.923 13.658 -68.275 29.641
-0.077652 -15.469 15.861 13.614 -68.342 29.785
-0.10452 -15.441 15.799 13.57 -68.405 29.927
-0.13108 -15.413 15.736 13.527 -68.464 30.069
-0.1573 -15.384 15.673 13.484 -68.518 30.209
-0.18319 -15.355 15.61 13.441 -68.568 30.349
-0.20873 -15.325 15.546 13.399 -68.614 30.488
-0.23391 -15.294 15.483 13.357 -68.654 30.625
-0.25871 -15.263 15.419 13.315 -68.691 30.762
-0.28314 -15.232 15.354 13.273 -68.723 30.897
-0.30719 -15.199 15.29 13.232 -68.75 31.032
-0.33084 -15.167 15.225 13.191 -68.773 31.165
-0.35409 -15.133 15.16 13.15 -68.792 31.297
-0.37693 -15.099 15.094 13.11 -68.807 31.428
-0.39936 -15.065 15.029 13.069 -68.817 31.557
-0.42135 -15.03 14.963 13.028 -68.823 31.686
-0.44293 -14.994 14.897 12.988 -68.824 31.813
-0.4641 -14.958 14.831 12.947 -68.822 31.939
-0.48488 -14.922 14.764 12.906 -68.815 32.064
-0.50526 -14.885 14.698 12.865 -68.804 32.188
-0.52527 -14.848 14.631 12.823 -68.789 32.31
-0.54491 -14.81 14.564 12.781 -68.771 32.431
-0.5642 -14.772 14.497 12.739 -68.748 32.552
-0.58317 -14.733 14.429 12.696 -68.721 32.67
-0.60181 -14.695 14.362 12.653 -68.691 32.788
-0.62016 -14.655 14.294 12.608 -68.657 32.905
-0.63821 -14.616 14.227 12.564 -68.619 33.02
-0.65599 -14.577 14.159 12.518 -68.578 33.134
-0.67352 -14.537 14.091 12.471 -68.533 33.247
-0.69081 -14.497 14.024 12.424 -68.484 33.359
-0.70788 -14.457 13.956 12.376 -68.432 33.469
-0.72476 -14.417 13.888 12.326 -68.377 33.579
-0.74147 -14.377 13.82 12.276 -68.318 33.687
-0.75803 -14.336 13.752 12.225 -68.256 33.794
-0.77445 -14.296 13.684 12.173 -68.19 33.9
-0.79076 -14.256 13.616 12.12 -68.121 34.004
-0.80697 -14.215 13.548 12.066 -68.049 34.107
-0.8231 -14.175 13.48 12.011 -67.973 34.21
-0.83916 -14.135 13.412 11.955 -67.894 34.311
-0.85519 -14.095 13.344 11.897 -67.812 34.41
-0.87118 -14.055 13.277 11.839 -67.727 34.509
-0.88714 -14.015 13.209 11.78 -67.639 34.606
-0.90307 -13.975 13.141 11.72 -67.547 34.702
-0.91896 -13.936 13.074 11.659 -67.453 34.797
-0.93482 -13.897 13.007 11.597 -67.355 34.89
-0.95063 -13.857 12.94 11.535 -67.254 34.983
-0.96639 -13.818 12.873 11.471 -67.15 35.074
-0.98211 -13.78 12.806 11.407 -67.044 35.163
-0.99777 -13.741 12.739 11.343 -66.934 35.252
-1.0134 -13.702 12.673 11.277 -66.821 35.339
-1.0289 -13.664 12.606 11.212 -66.705 35.425
-1.0443 -13.626 12.54 11.145 -66.586 35.509
-1.0597 -13.588 12.474 11.079 -66.464 35.593
-1.075 -13.55 12.408 11.011 -66.339 35.675
-1.0901 -13.512 12.342 10.944 -66.21 35.755
-1.1052 -13.474 12.276 10.876 -66.079 35.835
-1.1201 -13.437 12.211 10.809 -65.945 35.913
-1.1348 -13.399 12.146 10.741 -65.808 35.99
-1.1494 -13.362 12.08 10.673 -65.668 36.066
-1.1638 -13.325 12.015 10.605 -65.525 36.14
-1.178 -13.287 11.95 10.536 -65.378 36.213
-1.192 -13.25 11.886 10.468 -65.229 36.285
-1.2058 -13.213 11.821 10.401 -65.077 36.356
-1.2194 -13.176 11.756 10.333 -64.921 36.425
-1.2327 -13.139 11.692 10.265 -64.763 36.493
-1.2458 -13.102 11.627 10.198 -64.601 36.559
-1.2586 -13.065 11.563 10.131 -64.436 36.625
-1.2712 -13.028 11.499 10.064 -64.268 36.689
-1.2837 -12.991 11.435 9.998 -64.097 36.752
-1.2959 -12.954 11.371 9.932 -63.923 36.814
-1.3079 -12.917 11.307 9.8664 -63.746 36.874
-1.3197 -12.88 11.243 9.8012 -63.566 36.933
-1.3314 -12.844 11.179 9.7365 -63.383 36.991
-1.3429 -12.807 11.115 9.6722 -63.196 37.048
-1.3542 -12.77 11.052 9.6083 -63.007 37.103
-1.3654 -12.733 10.988 9.545 -62.814 37.157
-1.3764 -12.696 10.924 9.4822 -62.619 37.21
-1.3874 -12.659 10.86 9.4199 -62.42 37.261
-1.3982 -12.622 10.797 9.3582 -62.219 37.311
-1.4089 -12.585 10.733 9.2971 -62.014 37.36
-1.4195 -12.548 10.669 9.2366 -61.806 37.407
-1.4301 -12.511 10.606 9.1767 -61.596 37.453
-1.4406 -12.474 10.542 9.1174 -61.382 37.498
-1.4511 -12.437 10.479 9.0589 -61.165 37.541
-1.4616 -12.4 10.415 9.0011 -60.946 37.583
-1.4721 -12.362 10.351 8.944 -60.723 37.624
-1.4825 -12.325 10.287 8.8877 -60.497 37.663
-1.4931 -12.288 10.224 8.8322 -60.269 37.701
-1.5037 -12.251 10.16 8.7775 -60.038 37.737
-1.5143 -12.213 10.096 8.7237 -59.803 37.772
-1.525 -12.176 10.032 8.6708 -59.566 37.806
-1.5358 -12.139 9.968 8.6188 -59.326 37.838
-1.5466 -12.101 9.9039 8.5678 -59.083 37.869
-1.5574 -12.064 9.8398 8.5178 -58.838 37.898
-1.5683 -12.026 9.7756 8.4688 -58.589 37.926
-1.5792 -11.988 9.7113 8.4209 -58.338 37.953
-1.5902 -11.951 9.647 8.374 -58.083 37.978
-1.6012 -11.913 9.5825 8.3283 -57.826 38.001
-1.6122 -11.875 9.518 8.2837 -57.567 38.024
-1.6232 -11.837 9.4534 8.2402 -57.304 38.045
-1.6343 -11.799 9.3887 8.1979 -57.038 38.064
-1.6454 -11.761 9.3239 8.1569 -56.77 38.082
-1.6565 -11.723 9.2591 8.117 -56.499 38.099
-1.6677 -11.685 9.1941 8.0784 -56.226 38.114
-1.6788 -11.646 9.1291 8.041 -55.95 38.128
-1.69 -11.608 9.0639 8.005 -55.671 38.14
-1.7012 -11.57 8.9987 7.9701 -55.389 38.152
-1.7124 -11.531 8.9334 7.9365 -55.105 38.161
-1.7236 -11.493 8.868 7.9042 -54.819 38.17
-1.7348 -11.455 8.8026 7.873 -54.53 38.177
-1.746 -11.416 8.737 7.8431 -54.238 38.182
-1.7572 -11.378 8.6714 7.8144 -53.944 38.186
-1.7684 -11.34 8.6058 7.7869 -53.647 38.189
-1.7795 -11.301 8.54 7.7606 -53.349 38.191
-1.7907 -11.263 8.4743 7.7355 -53.047 38.19
-1.8019 -11.225 8.4085 7.7115 -52.743 38.189
-1.8131 -11.187 8.3427 7.6886 -52.437 38.186
-1.8244 -11.149 8.2768 7.6668 -52.129 38.181
-1.8357 -11.111 8.2109 7.646 -51.818 38.175
-1.847 -11.073 8.145 7.6263 -51.506 38.168
-1.8584 -11.035 8.0791 7.6075 -51.19 38.159
-1.8699 -10.998 8.0132 7.5897 -50.873 38.148
-1.8815 -10.961 7.9472 7.5728 -50.553 38.136
-1.8932 -10.923 7.8813 7.5567 -50.232 38.122
-1.9051 -10.886 7.8153 7.5413 -49.907 38.106
-1.917 -10.85 7.7494 7.5267 -49.581 38.089
-1.9291 -10.813 7.6835 7.5128 -49.253 38.069
-1.9413 -10.777 7.6175 7.4995 -48.922 38.048
-1.9536 -10.74 7.5516 7.4868 -48.589 38.026
-1.966 -10.704 7.4857 7.4746 -48.253 38.001
-1.9786 -10.669 7.4198 7.4628 -47.916 37.975
-1.9913 -10.633 7.3539 7.4515 -47.576 37.946
-2.0042 -10.598 7.288 7.4406 -47.233 37.916
-2.0172 -10.563 7.2222 7.43 -46.889 37.884
-2.0303 -10.528 7.1563 7.4196 -46.541 37.85
-2.0436 -10.493 7.0905 7.4095 -46.192 37.813
-2.057 -10.459 7.0246 7.3995 -45.84 37.775
-2.0706 -10.424 6.9588 7.3896 -45.486 37.735
-2.0843 -10.39 6.8929 7.3797 -45.129 37.693
-2.0982 -10.357 6.8271 7.3698 -44.77 37.648
-2.1122 -10.323 6.7612 7.3597 -44.409 37.602
-2.1263 -10.29 6.6954 7.3495 -44.045 37.554
-2.1405 -10.257 6.6296 7.3391 -43.679 37.503
-2.1549 -10.224 6.5638 7.3285 -43.31 37.451
-2.1694 -10.192 6.498 7.3175 -42.94 37.397
-2.1839 -10.159 6.4323 7.3063 -42.567 37.34
-2.1986 -10.127 6.3666 7.2946 -42.192 37.282
-2.2134 -10.096 6.301 7.2826 -41.815 37.222
-2.2282 -10.064 6.2354 7.2701 -41.435 37.16
-2.2431 -10.033 6.1699 7.2572 -41.054 37.097
-2.2581 -10.002 6.1045 7.2438 -40.671 37.031
-2.2732 -9.9716 6.0391 7.2299 -40.285 36.964
-2.2884 -9.9414 5.9738 7.2154 -39.898 36.895
-2.3036 -9.9115 5.9086 7.2004 -39.51 36.824
-2.319 -9.882 5.8436 7.1848 -39.119 36.752
-2.3344 -9.853 5.7787 7.1686 -38.727 36.678
-2.35 -9.8243 5.7139 7.1518 -38.333 36.602
-2.3657 -9.796 5.6492 7.1343 -37.938 36.525
-2.3815 -9.7682 5.5848 7.1162 -37.542 36.447
-2.3975 -9.7409 5.5206 7.0975 -37.145 36.367
-2.4135 -9.7141 5.4565 7.0782 -36.746 36.286
-2.4297 -9.6879 5.3927 7.0584 -36.346 36.203
-2.446 -9.6621 5.3291 7.0379 -35.946 36.12
-2.4625 -9.6369 5.2658 7.0169 -35.544 36.035
-2.4791 -9.6123 5.2027 6.9954 -35.142 35.948
-2.4958 -9.5883 5.1399 6.9734 -34.739 35.861
-2.5126 -9.5648 5.0774 6.951 -34.335 35.772
-2.5295 -9.542 5.0152 6.9281 -33.93 35.682
-2.5466 -9.5198 4.9532 6.9049 -33.526 35.592
-2.5638 -9.4982 4.8915 6.8813 -33.12 35.5
-2.5811 -9.4773 4.8301 6.8573 -32.714 35.407
-2.5986 -9.457 4.769 6.8332 -32.308 35.313
-2.6161 -9.4373 4.7081 6.8087 -31.902 35.218
-2.6338 -9.4183 4.6476 6.7841 -31.496 35.123
-2.6517 -9.4 4.5874 6.7594 -31.09 35.026
-2.6696 -9.3823 4.5275 6.7346 -30.684 34.929
-2.6876 -9.3653 4.4679 6.7097 -30.278 34.831
-2.7058 -9.349 4.4087 6.6848 -29.873 34.732
-2.724 -9.3334 4.3498 6.6599 -29.468 34.633
-2.7423 -9.3184 4.2912 6.6352 -29.063 34.533
-2.7607 -9.3041 4.2329 6.6106 -28.66 34.432
-2.7792 -9.2905 4.175 6.5861 -28.257 34.331
-2.7977 -9.2776 4.1173 6.5619 -27.855 34.229
-2.8162 -9.2653 4.06 6.5379 -27.454 34.127
-2.8348 -9.2536 4.003 6.5142 -27.055 34.025
-2.8533 -9.2426 3.9462 6.4909 -26.656 33.923
-2.872 -9.2323 3.8897 6.4679 -26.26 33.82
-2.8906 -9.2225 3.8336 6.4452 -25.864 33.717
-2.9093 -9.2135 3.7777 6.423 -25.471 33.613
-2.928 -9.205 3.7221 6.4013 -25.079 33.51
-2.9467 -9.1973 3.6668 6.3801 -24.69 33.407
-2.9655 -9.1901 3.6118 6.3593 -24.303 33.304
-2.9843 -9.1836 3.5571 6.3391 -23.918 33.201
-3.0031 -9.1778 3.5027 6.3195 -23.536 33.098
-3.0219 -9.1725 3.4486 6.3003 -23.156 32.996
-3.0407 -9.168 3.3949 6.2818 -22.78 32.894
-3.0595 -9.164 3.3414 6.2639 -22.407 32.792
-3.0783 -9.1607 3.2882 6.2466 -22.037 32.691
-3.0972 -9.158 3.2354 6.23 -21.671 32.59
-3.116 -9.156 3.1828 6.214 -21.308 32.49
-3.1349 -9.1547 3.1306 6.1988 -20.949 32.391
-3.1538 -9.154 3.0786 6.1842 -20.594 32.293
-3.1727 -9.1539 3.0271 6.1704 -20.242 32.195
-3.1917 -9.1546 2.9758 6.1573 -19.895 32.098
-3.2107 -9.1559 2.9249 6.145 -19.553 32.002
-3.2297 -9.1579 2.8743 6.1335 -19.215 31.907
-3.2488 -9.1607 2.8242 6.1228 -18.881 31.812
-3.2679 -9.1642 2.7744 6.1129 -18.552 31.719
-3.2871 -9.1684 2.725 6.1039 -18.229 31.627
-3.3063 -9.1734 2.6761 6.0958 -17.91 31.536
-3.3256 -9.1791 2.6276 6.0885 -17.597 31.447
-3.345 -9.1857 2.5795 6.0822 -17.288 31.358
-3.3645 -9.1931 2.5318 6.0767 -16.986 31.271
-3.384 -9.2012 2.4846 6.0722 -16.689 31.185
-3.4036 -9.2103 2.4379 6.0686 -16.397 31.1
-3.4234 -9.2202 2.3916 6.066 -16.111 31.017
-3.4433 -9.231 2.3458 6.0644 -15.831 30.935
-3.4634 -9.2427 2.3005 6.0638 -15.557 30.854
-3.4836 -9.2554 2.2557 6.0642 -15.288 30.775
-3.504 -9.2691 2.2115 6.0656 -15.026 30.697
-3.5245 -9.2838 2.1677 6.068 -14.77 30.62
-3.5453 -9.2995 2.1244 6.0715 -14.519 30.545
-3.5663 -9.3162 2.0817 6.076 -14.275 30.471
-3.5876 -9.334 2.0396 6.0815 -14.037 30.399
-3.609 -9.3529 1.9979 6.0881 -13.806 30.328
-3.6307 -9.3728 1.9569 6.0957 -13.58 30.258
-3.6527 -9.3939 1.9163 6.1044 -13.362 30.191
-3.6749 -9.4161 1.8763 6.114 -13.149 30.124
-3.6974 -9.4395 1.8367 6.1247 -12.943 30.06
-3.7202 -9.464 1.7977 6.1364 -12.744 29.996
-3.7433 -9.4897 1.7592 6.149 -12.551 29.935
-3.7666 -9.5166 1.7212 6.1627 -12.364 29.875
-3.7903 -9.5446 1.6837 6.1774 -12.184 29.816
-3.8143 -9.5739 1.6467 6.193 -12.011 29.76
-3.8386 -9.6044 1.6101 6.2096 -11.845 29.704
-3.8632 -9.6362 1.5741 6.2272 -11.685 29.651
-3.8882 -9.6692 1.5385 6.2457 -11.532 29.599
-3.9135 -9.7034 1.5034 6.2651 -11.385 29.549
-3.9391 -9.7389 1.4688 6.2853 -11.245 29.5
-3.965 -9.7756 1.4347 6.3064 -11.112 29.453
-3.9911 -9.8136 1.4011 6.3283 -10.985 29.407
-4.0176 -9.8529 1.3679 6.3509 -10.865 29.363
-4.0443 -9.8934 1.3353 6.3743 -10.752 29.321
-4.0712 -9.9351 1.3032 6.3984 -10.645 29.28
-4.0984 -9.9782 1.2715 6.4232 -10.545 29.241
-4.1259 -10.022 1.2404 6.4487 -10.452 29.203
-4.1535 -10.068 1.2097 6.4747 -10.365 29.166
-4.1814 -10.115 1.1796 6.5014 -10.285 29.131
-4.2095 -10.163 1.15 6.5286 -10.211 29.098
-4.2377 -10.212 1.1209 6.5563 -10.143 29.065
-4.2662 -10.263 1.0924 6.5845 -10.082 29.034
-4.2948 -10.315 1.0645 6.6131 -10.028 29.004
-4.3235 -10.368 1.0372 6.6421 -9.979 28.975
-4.3524 -10.423 1.0105 6.6714 -9.9365 28.948
-4.3814 -10.479 0.98443 6.701 -9.9 28.921
-4.4106 -10.537 0.95903 6.7309 -9.8696 28.895
-4.4398 -10.596 0.93431 6.761 -9.845 28.869
-4.4692 -10.656 0.91028 6.7912 -9.8262 28.845
-4.4986 -10.718 0.88697 6.8216 -9.8132 28.821
-4.5281 -10.781 0.86439 6.8521 -9.8058 28.797
-4.5577 -10.845 0.84256 6.8826 -9.8038 28.774
-4.5874 -10.911 0.8215 6.9131 -9.8072 28.752
-4.6171 -10.979 0.80122 6.9437 -9.8157 28.73
-4.6469 -11.048 0.78174 6.9742 -9.8291 28.708
-4.6767 -11.119 0.76308 7.0047 -9.8474 28.686
-4.7066 -11.191 0.74525 7.0352 -9.8702 28.664
-4.7366 -11.265 0.72826 7.0655 -9.8974 28.642
-4.7665 -11.341 0.71215 7.0958 -9.9289 28.62
-4.7965 -11.418 0.69691 7.1259 -9.9644 28.598
-4.8265 -11.497 0.68258 7.1559 -10.004 28.576
-4.8565 -11.578 0.66916 7.1857 -10.047 28.553
-4.8865 -11.661 0.65666 7.2154 -10.093 28.53
-4.9165 -11.745 0.64511 7.2449 -10.143 28.506
-4.9464 -11.831 0.6345 7.2743 -10.196 28.482
-4.9764 -11.919 0.62484 7.3036 -10.252 28.457
-5.0062 -12.009 0.61615 7.3328 -10.31 28.431
-5.0361 -12.101 0.60843 7.362 -10.37 28.405
-5.0658 -12.195 0.60169 7.3912 -10.433 28.378
-5.0955 -12.29 0.59594 7.4204 -10.497 28.351
-5.1251 -12.388 0.59118 7.4496 -10.563 28.323
-5.1545 -12.487 0.58742 7.4788 -10.63 28.293
-5.1839 -12.589 0.58467 7.5082 -10.698 28.263
-5.2131 -12.692 0.58294 7.5377 -10.767 28.233
-5.2421 -12.797 0.58224 7.5673 -10.836 28.201
-5.2709 -12.905 0.58256 7.5972 -10.906 28.168
-5.2995 -13.014 0.58391 7.6274 -10.976 28.134
-5.3278 -13.126 0.58629 7.658 -11.045 28.1
-5.3558 -13.239 0.58971 7.6889 -11.114 28.064
-5.3835 -13.354 0.59417 7.7203 -11.183 28.028
-5.4109 -13.472 0.59966 7.7522 -11.251 27.991
-5.4378 -13.591 0.6062 7.7847 -11.318 27.952
-5.4644 -13.712 0.61378 7.8179 -11.384 27.913
-5.4905 -13.835 0.6224 7.8517 -11.449 27.873
-5.5161 -13.96 0.63208 7.8863 -11.512 27.832
-5.5412 -14.087 0.6428 7.9217 -11.573 27.791
-5.5659 -14.216 0.65458 7.9579 -11.633 27.748
-5.5899 -14.347 0.66741 7.9949 -11.691 27.704
-5.6134 -14.48 0.68129 8.0328 -11.746 27.66
-5.6362 -14.614 0.69623 8.0716 -11.8 27.615
-5.6584 -14.751 0.71222 8.1113 -11.851 27.569
-5.6799 -14.889 0.72927 8.1519 -11.901 27.523
-5.7006 -15.029 0.74737 8.1933 -11.948 27.476
-5.7205 -15.171 0.76652 8.2357 -11.993 27.428
-5.7396 -15.315 0.78672 8.2789 -12.035 27.38
-5.7579 -15.461 0.80797 8.323 -12.076 27.331
-5.7753 -15.608 0.83026 8.3679 -12.114 27.282
-5.7917 -15.757 0.8536 8.4136 -12.15 27.233
-5.8072 -15.908 0.87799 8.46 -12.184 27.183
-5.8218 -16.06 0.90343 8.507 -12.216 27.132
-5.8354 -16.215 0.92991 8.5545 -12.247 27.082
-5.8479 -16.371 0.95743 8.6025 -12.275 27.031
-5.8595 -16.529 0.98601 8.6507 -12.302 26.981
-5.8699 -16.688 1.0156 8.6991 -12.328 26.93
-5.8793 -16.849 1.0463 8.7476 -12.353 26.88
-5.8875 -17.012 1.078 8.7959 -12.376 26.829
-5.8946 -17.177 1.1108 8.844 -12.399 26.779
-5.9004 -17.343 1.1447 8.8917 -12.42 26.729
-5.9051 -17.511 1.1796 8.9388 -12.442 26.679
-5.9084 -17.681 1.2156 8.9853 -12.463 26.63
-5.9105 -17.852 1.2526 9.0308 -12.484 26.582
-5.9112 -18.025 1.2908 9.0754 -12.506 26.534
-5.9105 -18.2 1.33 9.1187 -12.528 26.487
-5.9084 -18.377 1.3703 9.1606 -12.55 26.441
-5.9049 -18.555 1.4117 9.201 -12.573 26.396
-5.8999 -18.736 1.4543 9.2396 -12.598 26.351
-5.8934 -18.917 1.4979 9.2763 -12.624 26.308
-5.8853 -19.101 1.5426 9.3109 -12.651 26.266
-5.8756 -19.287 1.5885 9.3433 -12.68 26.225
-5.8642 -19.474 1.6355 9.3733 -12.711 26.185
-5.8511 -19.663 1.6837 9.4008 -12.744 26.147
-5.8363 -19.854 1.7331 9.4257 -12.779 26.11
-5.8197 -20.047 1.7836 9.4478 -12.816 26.075
-5.8012 -20.241 1.8352 9.4669 -12.856 26.041
-5.7808 -20.438 1.8881 9.4831 -12.899 26.008
-5.7585 -20.636 1.9422 9.4963 -12.944 25.977
-5.7341 -20.836 1.9975 9.5064 -12.992 25.948
-5.7077 -21.038 2.054 9.5132 -13.043 25.92
-5.6792 -21.242 2.1118 9.5168 -13.097 25.894
-5.6485 -21.448 2.1708 9.5172 -13.154 25.87
-5.6156 -21.656 2.2311 9.5143 -13.214 25.848
-5.5805 -21.866 2.2927 9.5082 -13.277 25.827
-5.5431 -22.078 2.3556 9.4987 -13.342 25.807
-5.5033 -22.292 2.4197 9.4859 -13.411 25.79
-5.4612 -22.508 2.4851 9.4699 -13.483 25.774
-5.4166 -22.726 2.5519 9.4506 -13.558 25.759
-5.3696 -22.946 2.62 9.4282 -13.635 25.746
-5.3201 -23.168 2.6894 9.4027 -13.716 25.735
-5.268 -23.392 2.7602 9.3741 -13.799 25.725
-5.2134 -23.618 2.8324 9.3425 -13.884 25.716
-5.1561 -23.846 2.9059 9.308 -13.972 25.708
-5.0962 -24.076 2.9809 9.2707 -14.062 25.702
-5.0336 -24.308 3.0572 9.2308 -14.154 25.697
-4.9683 -24.542 3.1351 9.1883 -14.248 25.693
-4.9003 -24.778 3.2144 9.1433 -14.344 25.69
-4.8295 -25.017 3.2952 9.096 -14.441 25.688
-4.756 -25.257 3.3776 9.0464 -14.54 25.686
-4.6796 -25.499 3.4615 8.9948 -14.64 25.686
-4.6004 -25.744 3.547 8.9411 -14.741 25.685
-4.5183 -25.991 3.634 8.8856 -14.843 25.685
-4.4333 -26.239 3.7228 8.8284 -14.946 25.685
-4.3453 -26.49 3.8132 8.7695 -15.049 25.686
-4.2544 -26.743 3.9052 8.7091 -15.152 25.686
-4.1605 -26.998 3.9991 8.6474 -15.255 25.686
-4.0636 -27.255 4.0946 8.5844 -15.357 25.686
-3.9636 -27.514 4.192 8.5201 -15.46 25.685
-3.8605 -27.776 4.2913 8.4549 -15.561 25.684
-3.7544 -28.039 4.3924 8.3886 -15.662 25.681
-3.6451 -28.305 4.4954 8.3215 -15.762 25.678
-3.5326 -28.573 4.6004 8.2537 -15.86 25.674
-3.417 -28.843 4.7073 8.1852 -15.957 25.669
-3.2982 -29.116 4.8163 8.1162 -16.053 25.663
-3.1762 -29.391 4.9273 8.0468 -16.146 25.655
-3.051 -29.668 5.0404 7.977 -16.238 25.646
-2.9225 -29.947 5.1555 7.9069 -16.327 25.635
-2.7908 -30.229 5.2728 7.8366 -16.414 25.622
-2.6558 -30.513 5.3922 7.7661 -16.499 25.608
-2.5175 -30.8 5.5137 7.6956 -16.581 25.591
-2.3759 -31.088 5.6373 7.6251 -16.66 25.573
-2.231 -31.379 5.763 7.5546 -16.737 25.553
-2.0828 -31.672 5.8907 7.4841 -16.811 25.53
-1.9313 -31.968 6.0206 7.4139 -16.881 25.506
-1.7765 -32.266 6.1526 7.3438 -16.949 25.479
-1.6185 -32.565 6.2866 7.274 -17.014 25.45
-1.4572 -32.868 6.4226 7.2045 -17.075 25.419
-1.2927 -33.172 6.5605 7.1354 -17.133 25.385
-1.1251 -33.478 6.7005 7.0667 -17.187 25.35
-0.9544 -33.786 6.8423 6.9984 -17.239 25.312
-0.78062 -34.097 6.986 6.9307 -17.287 25.271
-0.60381 -34.409 7.1315 6.8635 -17.331 25.229
-0.42403 -34.723 7.2788 6.7969 -17.372 25.184
-0.24137 -35.039 7.4278 6.7309 -17.41 25.137
-0.055892 -35.357 7.5784 6.6657 -17.444 25.088
0.13232 -35.676 7.7306 6.6012 -17.475 25.037
0.32318 -35.997 7.8842 6.5374 -17.503 24.983
0.5166 -36.319 8.0392 6.4744 -17.527 24.928
0.71251 -36.642 8.1955 6.4123 -17.548 24.871
0.91081 -36.967 8.353 6.351 -17.565 24.811
1.1114 -37.292 8.5117 6.2907 -17.579 24.75
1.3141 -37.619 8.6714 6.2312 -17.59 24.687
1.5189 -37.946 8.8322 6.1728 -17.598 24.623
1.7256 -38.274 8.9938 6.1153 -17.603 24.556
1.934 -38.603 9.1563 6.0588 -17.605 24.489
2.144 -38.932 9.3196 6.0033 -17.604 24.419
2.3555 -39.262 9.4835 5.9488 -17.6 24.349
2.5684 -39.592 9.6481 5.8953 -17.594 24.277
2.7824 -39.922 9.8132 5.8429 -17.585 24.204
2.9975 -40.252 9.9788 5.7915 -17.573 24.13
3.2136 -40.582 10.145 5.7411 -17.56 24.055
3.4303 -40.912 10.311 5.6917 -17.544 23.979
3.6477 -41.242 10.478 5.6432 -17.526 23.902
3.8656 -41.571 10.644 5.5958 -17.506 23.825
4.0837 -41.9 10.811 5.5493 -17.485 23.747
4.302 -42.228 10.978 5.5038 -17.462 23.668
4.5204 -42.556 11.145 5.4592 -17.438 23.589
4.7386 -42.883 11.312 5.4154 -17.412 23.51
4.9565 -43.209 11.478 5.3725 -17.385 23.431
5.1741 -43.534 11.645 5.3304 -17.357 23.351
5.391 -43.858 11.811 5.289 -17.328 23.272
5.6074 -44.182 11.978 5.2483 -17.299 23.193
5.8228 -44.504 12.144 5.2081 -17.269 23.113
6.0374 -44.825 12.309 5.1686 -17.238 23.035
6.2508 -45.145 12.475 5.1296 -17.208 22.956
6.4629 -45.463 12.64 5.0911 -17.177 22.878
6.6737 -45.781 12.805 5.0531 -17.146 22.801
6.8829 -46.097 12.969 5.0155 -17.116 22.724
7.0904 -46.411 13.133 4.9782 -17.085 22.648
7.2961 -46.724 13.297 4.9413 -17.055 22.573
7.4998 -47.036 13.46 4.9047 -17.025 22.498
7.7014 -47.346 13.623 4.8684 -16.995 22.424
7.9007 -47.654 13.785 4.8323 -16.966 22.352
8.0976 -47.961 13.946 4.7964 -16.938 22.28
8.292 -48.266 14.107 4.7606 -16.91 22.209
8.4837 -48.569 14.268 4.7249 -16.883 22.139
8.6726 -48.871 14.428 4.6893 -16.857 22.07
8.8585 -49.171 14.587 4.6537 -16.832 22.002
9.0413 -49.468 14.746 4.6182 -16.807 21.935
9.2209 -49.764 14.904 4.5827 -16.783 21.869
9.397 -50.059 15.061 4.5471 -16.76 21.804
9.5697 -50.351 15.218 4.5115 -16.738 21.741
9.7387 -50.641 15.375 4.4759 -16.716 21.678
9.9038 -50.929 15.531 4.4403 -16.696 21.617
10.065 -51.215 15.686 4.4047 -16.676 21.556
10.222 -51.499 15.84 4.3691 -16.657 21.496
10.375 -51.78 15.994 4.3336 -16.638 21.437
10.523 -52.059 16.147 4.2981 -16.621 21.38
10.667 -52.336 16.299 4.2626 -16.604 21.323
10.806 -52.611 16.45 4.2272 -16.588 21.267
10.941 -52.883 16.601 4.1918 -16.572 21.211
11.07 -53.153 16.751 4.1564 -16.557 21.157
11.195 -53.42 16.9 4.121 -16.542 21.103
11.315 -53.684 17.049 4.0857 -16.528 21.049
11.43 -53.947 17.196 4.0504 -16.514 20.997
11.54 -54.206 17.343 4.0152 -16.501 20.944
11.645 -54.463 17.489 3.9801 -16.488 20.893
11.745 -54.717 17.635 3.9452 -16.475 20.841
11.839 -54.968 17.78 3.9104 -16.462 20.79
11.928 -55.217 17.924 3.8757 -16.45 20.74
12.012 -55.463 18.067 3.8413 -16.438 20.689
12.091 -55.706 18.21 3.8072 -16.426 20.639
12.164 -55.947 18.352 3.7732 -16.414 20.589
12.233 -56.184 18.493 3.7396 -16.402 20.539
12.296 -56.419 18.634 3.7062 -16.39 20.489
12.354 -56.65 18.774 3.6731 -16.378 20.439
12.407 -56.879 18.913 3.6403 -16.365 20.389
12.456 -57.105 19.052 3.6078 -16.353 20.339
12.499 -57.329 19.191 3.5755 -16.341 20.289
12.537 -57.549 19.329 3.5435 -16.329 20.239
12.571 -57.766 19.466 3.5118 -16.316 20.188
12.601 -57.981 19.603 3.4803 -16.303 20.138
12.626 -58.193 19.74 3.4491 -16.29 20.087
12.647 -58.402 19.877 3.4182 -16.277 20.036
12.664 -58.608 20.013 3.3876 -16.263 19.985
12.677 -58.811 20.149 3.3573 -16.249 19.934
12.686 -59.011 20.285 3.3274 -16.235 19.882
12.691 -59.209 20.421 3.2978 -16.221 19.83
12.693 -59.403 20.557 3.2685 -16.206 19.778
12.692 -59.595 20.692 3.2395 -16.191 19.726
12.687 -59.784 20.828 3.2107 -16.175 19.673
12.68 -59.97 20.963 3.1822 -16.159 19.62
12.67 -60.154 21.099 3.1539 -16.143 19.567
12.657 -60.334 21.235 3.1259 -16.126 19.513
12.643 -60.512 21.371 3.0979 -16.109 19.459
12.625 -60.687 21.507 3.0701 -16.092 19.405
12.606 -60.859 21.643 3.0424 -16.074 19.351
12.586 -61.028 21.78 3.0148 -16.055 19.296
12.563 -61.194 21.916 2.9873 -16.036 19.241
12.539 -61.357 22.053 2.9599 -16.017 19.185
12.514 -61.517 22.19 2.9326 -15.997 19.13
12.488 -61.674 22.327 2.9053 -15.976 19.073
12.461 -61.828 22.464 2.8781 -15.955 19.017
12.433 -61.979 22.601 2.851 -15.933 18.96
12.404 -62.126 22.739 2.824 -15.911 18.903
12.375 -62.27 22.876 2.7971 -15.888 18.845
12.345 -62.411 23.014 2.7702 -15.864 18.788
12.315 -62.549 23.152 2.7434 -15.84 18.729
12.285 -62.683 23.29 2.7166 -15.815 18.671
12.254 -62.813 23.427 2.6898 -15.79 18.612
12.224 -62.94 23.565 2.6631 -15.764 18.553
12.193 -63.064 23.703 2.6364 -15.738 18.493
12.163 -63.184 23.84 2.6098 -15.711 18.434
12.133 -63.3 23.978 2.5833 -15.683 18.374
12.103 -63.412 24.115 2.5569 -15.655 18.313
12.073 -63.52 24.252 2.5307 -15.626 18.253
12.044 -63.625 24.388 2.5046 -15.596 18.192
12.014 -63.725 24.524 2.4788 -15.567 18.131
11.985 -63.822 24.66 2.4532 -15.536 18.069
11.957 -63.914 24.796 2.428 -15.505 18.008
11.928 -64.003 24.931 2.403 -15.474 17.946
11.9 -64.087 25.065 2.3784 -15.443 17.884
11.872 -64.168 25.199 2.3541 -15.411 17.822
11.844 -64.244 25.333 2.3302 -15.378 17.76
11.816 -64.316 25.466 2.3067 -15.346 17.697
11.788 -64.384 25.598 2.2837 -15.313 17.635
11.76 -64.448 25.73 2.261 -15.28 17.572
11.733 -64.507 25.861 2.2388 -15.247 17.509
11.705 -64.563 25.991 2.217 -15.213 17.447
11.676 -64.614 26.12 2.1957 -15.179 17.384
11.648 -64.661 26.249 2.1749 -15.146 17.321
11.619 -64.704 26.377 2.1546 -15.112 17.258
11.59 -64.743 26.504 2.1348 -15.078 17.195
11.561 -64.778 26.63 2.1155 -15.044 17.132
11.531 -64.808 26.755 2.0968 -15.01 17.069
11.501 -64.835 26.879 2.0784 -14.976 17.006
11.47 -64.857 27.002 2.0605 -14.942 16.943
11.438 -64.876 27.125 2.0431 -14.908 16.88
11.406 -64.89 27.246 2.026 -14.874 16.817
11.373 -64.9 27.366 2.0093 -14.839 16.754
11.339 -64.907 27.486 1.993 -14.805 16.691
11.304 -64.909 27.604 1.977 -14.771 16.628
11.268 -64.907 27.721 1.9613 -14.737 16.565
11.231 -64.901 27.836 1.9458 -14.703 16.502
11.194 -64.892 27.951 1.9305 -14.669 16.439
11.155 -64.878 28.064 1.9154 -14.634 16.376
11.115 -64.861 28.177 1.9005 -14.6 16.312
11.075 -64.839 28.287 1.8857 -14.566 16.249
11.033 -64.814 28.397 1.8711 -14.531 16.186
10.99 -64.785 28.505 1.8565 -14.496 16.123
10.947 -64.752 28.612 1.842 -14.461 16.059
10.902 -64.715 28.717 1.8275 -14.426 15.996
10.856 -64.675 28.821 1.8131 -14.391 15.932
10.809 -64.63 28.924 1.7986 -14.355 15.868
10.761 -64.582 29.025 1.7841 -14.319 15.805
10.712 -64.53 29.125 1.7696 -14.283 15.741
10.662 -64.475 29.223 1.755 -14.246 15.677
10.61 -64.415 29.319 1.7404 -14.209 15.613
10.558 -64.352 29.415 1.7257 -14.172 15.548
10.505 -64.286 29.508 1.711 -14.134 15.484
10.45 -64.215 29.6 1.6962 -14.096 15.42
10.395 -64.141 29.691 1.6815 -14.058 15.355
10.338 -64.063 29.78 1.6667 -14.019 15.29
10.281 -63.982 29.867 1.652 -13.979 15.225
10.222 -63.897 29.953 1.6373 -13.939 15.16
10.163 -63.808 30.037 1.6226 -13.899 15.094
10.103 -63.716 30.119 1.6081 -13.858 15.028
10.041 -63.621 30.2 1.5936 -13.816 14.962
9.9793 -63.521 30.28 1.5793 -13.774 14.896
9.9162 -63.419 30.357 1.5652 -13.731 14.829
9.8523 -63.313 30.434 1.5512 -13.688 14.762
9.7875 -63.203 30.508 1.5375 -13.644 14.695
9.7218 -63.09 30.581 1.524 -13.6 14.628
9.6554 -62.973 30.652 1.5108 -13.555 14.56
9.5882 -62.853 30.722 1.4979 -13.51 14.492
9.5203 -62.729 30.79 1.4853 -13.464 14.423
9.4516 -62.602 30.857 1.473 -13.418 14.355
9.3822 -62.472 30.922 1.4611 -13.371 14.285
9.3122 -62.338 30.986 1.4495 -13.324 14.216
9.2416 -62.201 31.048 1.4384 -13.276 14.146
9.1704 -62.06 31.108 1.4276 -13.228 14.076
9.0987 -61.916 31.167 1.4172 -13.179 14.006
9.0265 -61.769 31.224 1.4071 -13.131 13.936
8.9538 -61.618 31.28 1.3975 -13.081 13.865
8.8806 -61.465 31.335 1.3882 -13.032 13.794
8.8071 -61.308 31.388 1.3793 -12.982 13.723
8.7331 -61.147 31.439 1.3708 -12.931 13.651
8.6588 -60.984 31.489 1.3627 -12.881 13.58
8.5841 -60.817 31.538 1.3549 -12.83 13.508
8.5092 -60.647 31.585 1.3474 -12.779 13.436
8.434 -60.474 31.631 1.3402 -12.728 13.364
8.3586 -60.297 31.676 1.3333 -12.677 13.292
8.2831 -60.117 31.719 1.3266 -12.625 13.22
8.2074 -59.935 31.76 1.3202 -12.574 13.148
8.1317 -59.749 31.801 1.314 -12.522 13.076
8.0558 -59.56 31.84 1.3079 -12.47 13.003
7.98 -59.368 31.877 1.302 -12.418 12.931
7.9042 -59.172 31.913 1.2962 -12.366 12.859
7.8285 -58.974 31.948 1.2905 -12.314 12.786
7.7529 -58.773 31.982 1.2848 -12.262 12.714
7.6775 -58.568 32.014 1.2792 -12.21 12.642
7.6023 -58.361 32.045 1.2736 -12.157 12.57
7.5275 -58.15 32.074 1.2681 -12.105 12.497
7.4529 -57.937 32.102 1.2626 -12.053 12.425
7.3787 -57.72 32.129 1.2571 -12 12.353
7.305 -57.501 32.154 1.2516 -11.948 12.281
7.2317 -57.278 32.178 1.2461 -11.895 12.209
7.159 -57.052 32.201 1.2405 -11.842 12.137
7.0869 -56.824 32.222 1.235 -11.79 12.065
7.0155 -56.592 32.242 1.2293 -11.737 11.992
6.9448 -56.358 32.26 1.2237 -11.684 11.92
6.875 -56.12 32.277 1.2179 -11.631 11.848
6.806 -55.879 32.293 1.2122 -11.578 11.776
6.7379 -55.636 32.308 1.2063 -11.525 11.703
6.6707 -55.389 32.321 1.2004 -11.472 11.631
6.6046 -55.14 32.332 1.1944 -11.419 11.559
6.5396 -54.888 32.343 1.1884 -11.365 11.486
6.4757 -54.632 32.352 1.1823 -11.312 11.414
6.413 -54.374 32.359 1.1762 -11.258 11.341
6.3515 -54.113 32.366 1.17 -11.205 11.269
6.2914 -53.849 32.371 1.1637 -11.151 11.196
6.2325 -53.583 32.374 1.1574 -11.098 11.124
6.175 -53.313 32.377 1.1511 -11.045 11.051
6.119 -53.041 32.378 1.1446 -10.991 10.978
6.0643 -52.766 32.378 1.1381 -10.938 10.906
6.0111 -52.489 32.377 1.1314 -10.885 10.833
5.9595 -52.208 32.375 1.1246 -10.831 10.76
5.9093 -51.925 32.371 1.1176 -10.779 10.687
5.8606 -51.64 32.366 1.1104 -10.726 10.615
5.8136 -51.352 32.36 1.1031 -10.673 10.542
5.768 -51.061 32.353 1.0956 -10.621 10.469
5.7241 -50.768 32.345 1.088 -10.568 10.396
5.6818 -50.472 32.336 1.0801 -10.516 10.324
5.6411 -50.174 32.326 1.0721 -10.465 10.251
5.6019 -49.873 32.314 1.0639 -10.413 10.179
5.5644 -49.57 32.302 1.0554 -10.362 10.106
5.5284 -49.264 32.288 1.0468 -10.312 10.034
5.494 -48.957 32.274 1.0379 -10.262 9.9615
5.4611 -48.647 32.258 1.0289 -10.212 9.8893
5.4297 -48.334 32.242 1.0196 -10.162 9.8173
5.3999 -48.02 32.224 1.0101 -10.113 9.7453
5.3715 -47.703 32.206 1.0003 -10.065 9.6734
5.3445 -47.384 32.186 0.99035 -10.016 9.6017
5.3189 -47.063 32.166 0.98015 -9.9687 9.53
5.2946 -46.739 32.144 0.96974 -9.9213 9.4585
5.2717 -46.414 32.122 0.95912 -9.8744 9.3871
5.25 -46.086 32.098 0.94831 -9.8279 9.3159
5.2296 -45.757 32.074 0.93736 -9.7817 9.2447
5.2103 -45.425 32.048 0.92628 -9.736 9.1738
5.1921 -45.091 32.022 0.91508 -9.6907 9.1029
5.1751 -44.755 31.994 0.90378 -9.6458 9.0322
5.1591 -44.417 31.965 0.89237 -9.6013 8.9617
5.144 -44.077 31.936 0.88087 -9.5571 8.8914
5.1299 -43.735 31.905 0.86929 -9.5134 8.8212
5.1167 -43.39 31.873 0.85761 -9.4701 8.7512
5.1043 -43.044 31.84 0.84586 -9.4272 8.6814
5.0927 -42.696 31.806 0.83403 -9.3847 8.6117
5.0818 -42.347 31.771 0.82213 -9.3426 8.5422
5.0716 -41.995 31.735 0.81016 -9.3008 8.4729
5.062 -41.641 31.697 0.79813 -9.2594 8.4037
5.0529 -41.285 31.659 0.78602 -9.2184 8.3347
5.0443 -40.928 31.619 0.77384 -9.1777 8.2658
5.0362 -40.568 31.578 0.76159 -9.1373 8.1971
5.0284 -40.207 31.536 0.74925 -9.0973 8.1286
5.0209 -39.844 31.493 0.73682 -9.0576 8.0602
5.0137 -39.479 31.448 0.72429 -9.0183 7.992
5.0065 -39.112 31.403 0.71167 -8.9793 7.9239
4.9995 -38.743 31.356 0.69893 -8.9407 7.856
4.9924 -38.373 31.308 0.68605 -8.9024 7.7882
4.9853 -38 31.258 0.67301 -8.8645 7.7206
4.978 -37.626 31.208 0.65978 -8.827 7.6532
4.9706 -37.251 31.156 0.64634 -8.7899 7.5858
4.9628 -36.874 31.103 0.63267 -8.7531 7.5186
4.9547 -36.495 31.048 0.61875 -8.7167 7.4515
4.9461 -36.115 30.993 0.60458 -8.6806 7.3845
4.9371 -35.734 30.936 0.59013 -8.645 7.3175
4.9276 -35.35 30.878 0.5754 -8.6097 7.2507
4.9174 -34.966 30.819 0.56037 -8.5748 7.1839
4.9066 -34.58 30.758 0.54503 -8.5402 7.1172
4.895 -34.193 30.697 0.52937 -8.506 7.0506
4.8826 -33.805 30.634 0.51338 -8.4722 6.984
4.8694 -33.415 30.57 0.49705 -8.4387 6.9174
4.8552 -33.024 30.505 0.48037 -8.4057 6.8509
4.8401 -32.632 30.438 0.46332 -8.373 6.7844
4.824 -32.239 30.371 0.44591 -8.3407 6.718
4.807 -31.845 30.302 0.42814 -8.3088 6.6516
4.7889 -31.45 30.232 0.40999 -8.2774 6.5852
4.7698 -31.055 30.162 0.39148 -8.2463 6.5189
4.7497 -30.659 30.09 0.37261 -8.2158 6.4526
4.7286 -30.262 30.017 0.35337 -8.1857 6.3864
4.7066 -29.865 29.943 0.33376 -8.156 6.3203
4.6836 -29.468 29.868 0.31379 -8.1268 6.2542
4.6598 -29.07 29.793 0.29349 -8.0982 6.1882
4.6351 -28.672 29.716 0.27285 -8.07 6.1223
4.6097 -28.275 29.639 0.25187 -8.0423 6.0565
4.5835 -27.877 29.561 0.23058 -8.0151 5.9908
4.5567 -27.48 29.482 0.20897 -7.9886 5.9252
4.5291 -27.083 29.403 0.18705 -7.9625 5.8597
4.501 -26.686 29.323 0.16483 -7.9371 5.7944
4.4723 -26.29 29.242 0.1423 -7.9123 5.7293
4.443 -25.895 29.16 0.11949 -7.888 5.6643
4.4132 -25.5 29.078 0.096384 -7.8645 5.5995
4.383 -25.106 28.996 0.073 -7.8415 5.5349
4.3524 -24.713 28.913 0.049338 -7.8193 5.4706
4.3215 -24.322 28.829 0.025403 -7.7977 5.4064
4.2902 -23.931 28.745 0.0011991 -7.7768 5.3425
4.2586 -23.542 28.661 -0.023269 -7.7567 5.2788
4.2268 -23.154 28.576 -0.047997 -7.7373 5.2154
4.1949 -22.767 28.492 -0.07298 -7.7187 5.1523
4.1628 -22.383 28.406 -0.09822 -7.7008 5.0894
4.1306 -21.999 28.321 -0.12372 -7.6838 5.0269
4.0984 -21.618 28.235 -0.14948 -7.6675 4.9646
4.0661 -21.238 28.149 -0.17551 -7.652 4.9027
4.0339 -20.861 28.063 -0.20181 -7.6373 4.8411
4.0017 -20.485 27.977 -0.22839 -7.6235 4.7798
3.9696 -20.112 27.89 -0.25524 -7.6105 4.7189
3.9376 -19.741 27.804 -0.28237 -7.5984 4.6583
3.9057 -19.372 27.718 -0.30979 -7.5872 4.598
3.8739 -19.005 27.631 -0.33749 -7.5768 4.5381
3.8424 -18.642 27.545 -0.36548 -7.5673 4.4786
3.811 -18.28 27.459 -0.39376 -7.5586 4.4194
3.7799 -17.922 27.373 -0.42233 -7.5509 4.3606
3.749 -17.566 27.287 -0.4512 -7.5441 4.3022
3.7184 -17.214 27.201 -0.48035 -7.5382 4.2442
3.6881 -16.864 27.116 -0.50981 -7.5332 4.1865
3.6581 -16.518 27.031 -0.53957 -7.5291 4.1293
3.6285 -16.175 26.946 -0.56963 -7.526 4.0724
3.5992 -15.835 26.862 -0.59999 -7.5239 4.016
3.5704 -15.499 26.778 -0.63065 -7.5226 3.96
3.542 -15.166 26.694 -0.66163 -7.5224 3.9044
3.5141 -14.837 26.611 -0.69292 -7.5231 3.8492
3.4867 -14.512 26.528 -0.72451 -7.5248 3.7945
3.4597 -14.191 26.446 -0.75642 -7.5275 3.7401
3.4334 -13.874 26.365 -0.78865 -7.5312 3.6863
3.4075 -13.561 26.284 -0.8212 -7.5359 3.6329
3.3823 -13.252 26.204 -0.85406 -7.5417 3.5799
3.3577 -12.947 26.125 -0.88725 -7.5484 3.5274
3.3337 -12.647 26.046 -0.92076 -7.5562 3.4754
3.3104 -12.351 25.969 -0.9546 -7.565 3.4238
3.2878 -12.06 25.892 -0.98877 -7.5749 3.3727
3.266 -11.773 25.815 -1.0233 -7.5858 3.3221
3.2448 -11.492 25.74 -1.0581 -7.5978 3.272
3.2245 -11.215 25.666 -1.0933 -7.6109 3.2224
3.2049 -10.944 25.593 -1.1288 -7.6251 3.1732
3.1862 -10.677 25.52 -1.1646 -7.6403 3.1246
3.1683 -10.416 25.449 -1.2008 -7.6567 3.0765
3.1513 -10.16 25.379 -1.2373 -7.6742 3.0289
3.1352 -9.9093 25.31 -1.2742 -7.6928 2.9819
3.12 -9.6644 25.242 -1.3114 -7.7125 2.9353
3.1058 -9.425 25.175 -1.349 -7.7334 2.8894
3.0926 -9.1915 25.11 -1.3869 -7.7554 2.8439
3.0804 -8.9637 25.046 -1.4251 -7.7785 2.799
3.0692 -8.742 24.983 -1.4638 -7.8029 2.7546
3.0591 -8.5262 24.922 -1.5027 -7.8284 2.7108
3.0501 -8.3167 24.862 -1.5421 -7.855 2.6676
3.0421 -8.1134 24.803 -1.5818 -7.8829 2.6249
3.0353 -7.9164 24.746 -1.6219 -7.912 2.5829
3.0297 -7.726 24.69 -1.6623 -7.9422 2.5414
3.0253 -7.5421 24.636 -1.7031 -7.9737 2.5004
